BCE: [0.13760326839983464, 0.10176465362310409, 0.05126054771244526, 0.010177694912999868]
BCE: [0.12258748896420002, 0.09886243157088756, 0.05239829961210489, 0.01046645357273519]
BCE: [0.14475573115050794, 0.12074106000363827, 0.06909754201769829, 0.012565321987494826]
BCE: [0.11488086208701134, 0.08257627524435521, 0.03976507913321257, 0.007768897362984717]
BCE: [0.11551738306879997, 0.08834933266043662, 0.04321835990995169, 0.008064793283119797]
BCE: [0.13253683522343634, 0.11446832530200482, 0.06521849669516086, 0.011184642510488629]
BCE: [0.11306672058999538, 0.08574451915919781, 0.042656433396041395, 0.008633727673441172]
BCE: [0.11477775052189827, 0.08701008893549442, 0.04334413167089224, 0.008204189292155207]
BCE: [0.1358099777251482, 0.11648189276456833, 0.06518993210047483, 0.011675482476130128]

Rounded: [0.1376, 0.10176, 0.05126, 0.01018]
Rounded: [0.12259, 0.09886, 0.0524, 0.01047]
Rounded: [0.14476, 0.12074, 0.0691, 0.01257]
Rounded: [0.11488, 0.08258, 0.03977, 0.00777]
Rounded: [0.11552, 0.08835, 0.04322, 0.00806]
Rounded: [0.13254, 0.11447, 0.06522, 0.01118]
Rounded: [0.11307, 0.08574, 0.04266, 0.00863]
Rounded: [0.11478, 0.08701, 0.04334, 0.0082]
Rounded: [0.13581, 0.11648, 0.06519, 0.01168]
