BCE: [0.10398815752317508, 0.08039229804029067, 0.043618735608955225, 0.009061398838336268]
BCE: [0.13460870000223318, 0.10750921120246251, 0.05415235236287117, 0.010189171026771268]
BCE: [0.21632891024152437, 0.1911293124159177, 0.10921766000489394, 0.018598674113551775]
BCE: [0.10650594880183538, 0.07698020040988922, 0.03614553579439719, 0.007240222192679843]
BCE: [0.1539407815784216, 0.11610812159876029, 0.049821361030141516, 0.008303256759730478]
BCE: [0.2536556228995323, 0.21683498149116834, 0.10990645661950112, 0.01513203337478141]
BCE: [0.09873025317986807, 0.07351133649547895, 0.03740893844515085, 0.007759278640151024]
BCE: [0.14042465388774872, 0.10626233282188574, 0.04857075947026412, 0.008989325584843754]
BCE: [0.23933935115734736, 0.20615380654732388, 0.10775876641273499, 0.017062875224898258]

Rounded: [0.10399, 0.08039, 0.04362, 0.00906]
Rounded: [0.13461, 0.10751, 0.05415, 0.01019]
Rounded: [0.21633, 0.19113, 0.10922, 0.0186]
Rounded: [0.10651, 0.07698, 0.03615, 0.00724]
Rounded: [0.15394, 0.11611, 0.04982, 0.0083]
Rounded: [0.25366, 0.21683, 0.10991, 0.01513]
Rounded: [0.09873, 0.07351, 0.03741, 0.00776]
Rounded: [0.14042, 0.10626, 0.04857, 0.00899]
Rounded: [0.23934, 0.20615, 0.10776, 0.01706]
